$ANSIBLE_VAULT;1.1;AES256
64623539303231663833373031653938633264383065353762653830663133313263353035353831
3865613263383931326230653234363935636233386234610a663839376532353062626463386539
64653666633466373536353436666435633562336439313934323933396563336637326234366530
6336383034336461660a333835343565626563303732356233643436633934383963326563383031
34373739613666646332313666633738353133386236616166616338353032393264383939373436
64633634653262343662323835653061656130363063616366373938613430373536366535653130
36363263363963353131636438313733333363613865353632376138343430666233386132336364
63343439666535353232353535313539643865303734323866626638643161333066626137313338
63633739353333393732396432306661363239336232363731663539613035663466373830613463
31623462653162373132623062343631386636343637663537356133323466303632353734306632
32626364303737323933633462656531653736336532666233623334313962353961303666653330
34326339313838653432633236343438613039373365373564616132663834353436323730656335
66393966663733333637326365326235393439366637356666363866303734613736666264373830
62353734653834666566366136303366333831353632376138356637646534366538633030363566
643035363334313066333766383530633830
