$ANSIBLE_VAULT;1.1;AES256
39346665383431373963633035636465623136393737613466353634636239343835303865363238
3935373163636530353032646132346433393937313563380a396661343931356666356234633163
61623438326530356562383031303136663630623936616366393663356232353861376332366432
6534393365663035620a323462313033373534623337613337303463333361626133383037333737
32636532343234613365616439343835623436666566323230316261663164616131363164326164
37316238323335656362613034303566666133343333393339353732666265636133386662373233
63653864323833666534346539393533386261363062663232613966353939353963306235373632
33316365366432663534333539383637333038353165303462363939363234633032386161393162
66656366303737363763633062633633646634663132616631653863333334666431386164303464
31643936303132356338666136613235623232666436333264363031656637613032353033653233
61336331333362346164356137313063653037346230373766356563376330346361393461353636
34366364396661386532663139663363663439336665383164333838616232646631346633326437
33653330373030326434663130366331363537386365383938643766306632323563373334623930
32326162366161363362623438663138366238303831376461393735323866666132336263613036
61623736313837626330313261383230383535386361616661666565306539323934636262333039
64646239663836653938376661306365636661613864633763333732626431373763663239346330
36323739333134303739336332303063303036666265373164383562386662613364343166633535
34393965316537333035393330346363663031366266303333363737313430323437306435333366
64393638373237326236623865323836623365303564353865346335646433363863303637313165
39323533346133316536323664613830376665386438626436616131656238623732666465303138
38376136303966363461356536613635633035383539656236646134613331376666346432653830
66303230313132656435386366626436663935373234313535626266663332366564666237306562
62646133616462383462626137356565323936316361303362303030663630656332396638393431
37393532386663333361323263396432653365646136306231353164363930663832623938323765
66363264326137353666646463613438613733353163346465336466643266653961613863393464
6338386332356430316462636662353839303134616339326437
