$ANSIBLE_VAULT;1.1;AES256
65353638663936333433376530363637326662343263336633326364346262303663383666373365
3264663063356361373563343535366165666339613165380a646661343336656131643336316338
61343963323739333133656635333334613466323733623766623934386132343535373538616436
3161653237383634660a663861353365313034643331326162636361316239653032666538366338
33393934346665613532663036663564626433323163323261383435363233343661326161653732
39656439303064343335663436613531373130626333363530333334643463356262373634613938
39643238323735653433613766303164386139663839373863393536386532376466383834373730
65626431316431646262393665653166363562303232396631376335666132613236326435353066
64653537343263343538656261393465633135306233626364633231386564323263333166326662
31343665613933333439613838366335616533656333623932613333383963623661373763333166
32396535616165363063656363393863646162383535326530353631326565346234366239646639
34653566613961653039313364336439366161333965643434383262636438663130303433633639
3630
