$ANSIBLE_VAULT;1.1;AES256
65613961663533623361626339386130346163656363323962643665326335316665663634666339
3439663830623836653362343934383363363164363330310a303761643633386139613365393236
61303564646430633966643663666435336462656331376332323166373464383666303531356232
3938326337653461630a303439396233316635616139636561316638336561613066336339326434
61313235653433653466626464316664646131623463313463636133323033663664623163313638
37633761343932636335386263643432653565383164353032373633633437636265613636366532
62316439326636363431373532343733643964336430303235636233336535373365653662643936
38346535306337366164393331663962303364663263666138383637393336323961663934363736
36373231396461396632316232326534613762386639633161373361633239373764383065626661
66306663353163623466303636666230383262393631633236636230396339376134366236633834
66313264373462303237303434363739643862303862663061616661373532663764333064653830
32366536363330326566383536633763386435313563336538623639626663303433613132666565
62346139326363663363613363643235363037613561343137343931636131623834
