$ANSIBLE_VAULT;1.1;AES256
66313164396130323839633534656134313530643661333036353537326437396433393731663864
3462636462366364666331333830613564663133323761610a663331623130396134616630356664
31653239643265623532303464326466383930383930373733396163306636623064643531343366
6431643635343633650a396136316436626539646439656430643362363366653636643265316330
37363433613631376431623762306233336161363366636630333631656631383065353032613964
66643262656563356462316465613731386431386266636531666231613364626461356265393434
33623739383230633138313037333566613630663333363235383137323466393164326331306332
30656635393331613762326232373239653136356661333135663139626362303665313338326135
30386431323861663465363431373363373431353861303838323937656261613565333063633136
36623439626464363332643334613066323866613561343364643339633932383561373065356530
31396130396439316331303430653831386561356534343035663561616339376163353933353963
36373032303564393332316438336435656638373634303761326263386634313064363830316666
3763
