$ANSIBLE_VAULT;1.1;AES256
39343838366363653632633561303939633936613936313033613337613937393366353330636161
3861383732646462376638393163383966343565313638380a643634333331356566353933366362
33623432373636666563656365326365346666646564313333393132306666346631633733643134
6364663163363936630a363636626364383237343261666664343866643935666532386361303439
65646364626437306537633632653033666461363331646465353234626438353634636332613535
35306465623232666563643362636164656565393062663538396235653166383936663832343735
64333034376561643130333932343330623339373739646230386135363435616235323564623661
63616164323931653762343130313063666530376363653937666664376263383864653362613030
63303038633930363839393739333237363236633564653231643434336538373337393064616439
34376463633130356661363366353666633737636665363334633565636136623566313130633261
65633432343664313535396330393635393964666639333735656337633536313466313339623134
65393037333339333138313831393461333332623332323239643039323164316639333530323465
38326634396235653035303235636538333563366535363465333934363561343337303466373666
66643735663239663735396164353965366265386338383466383131613638653531346639363464
35626538326365353330393834663235346534393533643062363839373164653338663937653833
63396132663633316362666566363362353162643637373064336639386433656230366364323739
31383734326130326661366630323061636234643630386533333135643734306235656438336435
38343032646333326131386163313637396135613639343231316361363431653333613437353966
64373932336266636263623536306664326538396162313131393061343764336433326632623566
33313463303131626138383237653438633534656665656564663962303631313739653236346566
35633639396665643731373561343936346162363939313533326139393464663733646562333930
65346236373739636166613337626238323665383033383562646265303833653339613135376235
34636431376130383965663232656432623035653061366233623631656635383762333663336639
66303431343735663165363831653166383632653136386237366239643430343135613261663366
3761
